<?xml version="1.0" encoding="utf-8"?>
<COLLADA xmlns="http://www.collada.org/2005/11/COLLADASchema" version="1.4.1">
  <asset><contributor><author></author><authoring_tool>FBX COLLADA exporter</authoring_tool><comments></comments></contributor><created>2019-04-20T21:56:54Z</created><keywords></keywords><modified>2019-04-20T21:56:54Z</modified><revision></revision><subject></subject><title></title><unit meter="0.010000" name="centimeter"></unit><up_axis>Z_UP</up_axis></asset>
  <library_animations>
    <animation id="its_a_start_test_QuickRigCharacter_Hips-anim" name="its_a_start_test_QuickRigCharacter_Hips"><animation><source id="its_a_start_test_QuickRigCharacter_Hips-Matrix-animation-input"><float_array id="its_a_start_test_QuickRigCharacter_Hips-Matrix-animation-input-array" count="30">

0.000000 0.033333 0.066667 0.100000 0.133333 0.166667 0.200000 0.233333 0.266667 0.300000 0.333333 0.366667 0.400000 0.433333 0.466667 0.500000
0.533333 0.566667 0.600000 0.633333 0.666667 0.700000 0.733333 0.766667 0.800000 0.833333 0.866667 0.900000 0.933333 0.966667</float_array><technique_common><accessor source="#its_a_start_test_QuickRigCharacter_Hips-Matrix-animation-input-array" count="30"><param name="TIME" type="float"/></accessor></technique_common></source><source id="its_a_start_test_QuickRigCharacter_Hips-Matrix-animation-output-transform"><float_array id="its_a_start_test_QuickRigCharacter_Hips-Matrix-animation-output-transform-array" count="480">

0.008376 -0.044609 -0.998969 -32.012375 0.990754 0.135650 0.002249 171.350800 0.135410 -0.989752 0.045333 -139.832291 0.000000 0.000000 0.000000 1.000000
0.001038 -0.083467 -0.996510 -31.874910 0.994211 0.107153 -0.007940 171.412521 0.107442 -0.990733 0.083095 -139.745407 0.000000 0.000000 0.000000 1.000000
0.003768 -0.110158 -0.993907 -31.732340 0.995224 0.097361 -0.007018 170.947327 0.097541 -0.989134 0.109999 -139.671509 0.000000 0.000000 0.000000 1.000000
0.020516 -0.133727 -0.990806 -31.663893 0.996738 0.080109 0.009827 169.784088 0.078059 -0.987775 0.134934 -139.583755 0.000000 0.000000 0.000000 1.000000
0.037186 -0.156023 -0.987053 -31.496744 0.997687 0.062046 0.027779 167.989395 0.056909 -0.985803 0.157969 -139.507980 0.000000 0.000000 0.000000 1.000000
0.052322 -0.181792 -0.981944 -31.362501 0.996542 0.073057 0.039574 166.797058 0.064544 -0.980619 0.184986 -139.515396 0.000000 0.000000 0.000000 1.000000
0.043386 -0.200437 -0.978745 -31.005163 0.997677 0.060190 0.031899 165.573746 0.052517 -0.977856 0.202583 -139.575500 0.000000 0.000000 0.000000 1.000000
0.029700 -0.198240 -0.979703 -30.582258 0.997489 0.068929 0.016292 165.133148 0.064300 -0.977727 0.199790 -139.705551 0.000000 0.000000 0.000000 1.000000
0.005339 -0.191309 -0.981515 -30.167990 0.998055 0.061987 -0.006653 165.066040 0.062114 -0.979571 0.191268 -139.795181 0.000000 0.000000 0.000000 1.000000
-0.013570 -0.162002 -0.986697 -29.604746 0.996210 0.082592 -0.027261 165.431961 0.085910 -0.983328 0.160267 -139.886612 0.000000 0.000000 0.000000 1.000000
-0.042463 -0.150106 -0.987758 -29.042051 0.992632 0.105963 -0.058775 166.428513 0.113488 -0.982975 0.144500 -139.936752 0.000000 0.000000 0.000000 1.000000
-0.048546 -0.161872 -0.985617 -28.453262 0.992689 0.101352 -0.065539 167.776978 0.110503 -0.981593 0.155769 -139.921524 0.000000 0.000000 0.000000 1.000000
-0.045426 -0.138510 -0.989319 -28.263638 0.993324 0.098862 -0.059451 169.372330 0.106041 -0.985414 0.133094 -139.896683 0.000000 0.000000 0.000000 1.000000
-0.032538 -0.119337 -0.992321 -28.197887 0.991491 0.121356 -0.047105 170.714584 0.126045 -0.985409 0.114373 -139.883362 0.000000 0.000000 0.000000 1.000000
-0.018557 -0.078683 -0.996727 -28.297087 0.988203 0.150131 -0.030249 171.713028 0.152020 -0.985530 0.074969 -139.869324 0.000000 0.000000 0.000000 1.000000
-0.014613 -0.041633 -0.999026 -28.296083 0.986619 0.161663 -0.021169 172.083511 0.162387 -0.985967 0.038714 -139.824005 0.000000 0.000000 0.000000 1.000000
-0.013078 -0.015233 -0.999798 -28.387932 0.984079 0.177047 -0.015570 171.963211 0.177249 -0.984084 0.012675 -139.773132 0.000000 0.000000 0.000000 1.000000
-0.022609 0.000100 -0.999744 -28.338284 0.986428 0.162675 -0.022291 171.022827 0.162632 -0.986680 -0.003776 -139.692490 0.000000 0.000000 0.000000 1.000000
-0.049060 0.013438 -0.998705 -28.399820 0.988130 0.146393 -0.046571 169.356049 0.145578 -0.989135 -0.020460 -139.664246 0.000000 0.000000 0.000000 1.000000
-0.070279 0.020071 -0.997325 -28.460814 0.985580 0.155674 -0.066318 167.672897 0.153926 -0.987605 -0.030722 -139.691452 0.000000 0.000000 0.000000 1.000000
-0.077838 0.050864 -0.995668 -28.760460 0.978788 0.193740 -0.066621 166.617767 0.189512 -0.979733 -0.064866 -139.744949 0.000000 0.000000 0.000000 1.000000
-0.060027 0.059520 -0.996421 -29.254196 0.973838 0.222670 -0.045366 165.712494 0.219173 -0.973075 -0.071329 -139.813599 0.000000 0.000000 0.000000 1.000000
-0.023580 0.060681 -0.997879 -29.865456 0.975628 0.219214 -0.009724 165.099823 0.218159 -0.973788 -0.064371 -139.894958 0.000000 0.000000 0.000000 1.000000
0.015682 0.041033 -0.999035 -30.177814 0.980439 0.195425 0.023417 165.391785 0.196197 -0.979860 -0.037166 -139.939453 0.000000 0.000000 0.000000 1.000000
0.030293 0.020085 -0.999339 -30.643391 0.971796 0.233336 0.034147 165.858368 0.233867 -0.972189 -0.012450 -139.997192 0.000000 0.000000 0.000000 1.000000
0.039654 0.036683 -0.998540 -31.247206 0.975248 0.216131 0.046668 166.914505 0.217527 -0.975675 -0.027204 -139.991562 0.000000 0.000000 0.000000 1.000000
0.038161 0.036586 -0.998602 -31.640741 0.979926 0.194315 0.044566 168.131180 0.195674 -0.980257 -0.028436 -139.969315 0.000000 0.000000 0.000000 1.000000
0.028743 0.021288 -0.999360 -31.884741 0.986648 0.159738 0.031780 169.637634 0.160312 -0.986930 -0.016412 -139.917801 0.000000 0.000000 0.000000 1.000000
0.016080 -0.014519 -0.999765 -32.018883 0.986386 0.163893 0.013485 170.662628 0.163658 -0.986371 0.016957 -139.893875 0.000000 0.000000 0.000000 1.000000
0.008376 -0.044609 -0.998969 -32.012375 0.990754 0.135650 0.002249 171.350800 0.135410 -0.989752 0.045333 -139.832291 0.000000 0.000000 0.000000 1.000000</float_array><technique_common><accessor source="#its_a_start_test_QuickRigCharacter_Hips-Matrix-animation-output-transform-array" count="30" stride="16"><param type="float4x4"/></accessor></technique_common></source><source id="its_a_start_test_QuickRigCharacter_Hips-Interpolations"><Name_array id="its_a_start_test_QuickRigCharacter_Hips-Interpolations-array" count="30">
 LINEAR LINEAR LINEAR LINEAR LINEAR LINEAR LINEAR LINEAR LINEAR LINEAR LINEAR
LINEAR LINEAR LINEAR LINEAR LINEAR LINEAR LINEAR LINEAR LINEAR LINEAR LINEAR LINEAR
LINEAR LINEAR LINEAR LINEAR LINEAR LINEAR LINEAR</Name_array><technique_common><accessor source="#its_a_start_test_QuickRigCharacter_Hips-Interpolations-array" count="30"><param type="name"/></accessor></technique_common></source><sampler id="its_a_start_test_QuickRigCharacter_Hips-Matrix-animation-transform"><input semantic="INPUT" source="#its_a_start_test_QuickRigCharacter_Hips-Matrix-animation-input"/><input semantic="OUTPUT" source="#its_a_start_test_QuickRigCharacter_Hips-Matrix-animation-output-transform"/><input semantic="INTERPOLATION" source="#its_a_start_test_QuickRigCharacter_Hips-Interpolations"/></sampler><channel source="#its_a_start_test_QuickRigCharacter_Hips-Matrix-animation-transform" target="its_a_start_test_QuickRigCharacter_Hips/matrix"/></animation></animation>
    <animation id="its_a_start_test_QuickRigCharacter_LeftUpLeg-anim" name="its_a_start_test_QuickRigCharacter_LeftUpLeg"><animation><source id="its_a_start_test_QuickRigCharacter_LeftUpLeg-Matrix-animation-input"><float_array id="its_a_start_test_QuickRigCharacter_LeftUpLeg-Matrix-animation-input-array" count="30">

0.000000 0.033333 0.066667 0.100000 0.133333 0.166667 0.200000 0.233333 0.266667 0.300000 0.333333 0.366667 0.400000 0.433333 0.466667 0.500000
0.533333 0.566667 0.600000 0.633333 0.666667 0.700000 0.733333 0.766667 0.800000 0.833333 0.866667 0.900000 0.933333 0.966667</float_array><technique_common><accessor source="#its_a_start_test_QuickRigCharacter_LeftUpLeg-Matrix-animation-input-array" count="30"><param name="TIME" type="float"/></accessor></technique_common></source><source id="its_a_start_test_QuickRigCharacter_LeftUpLeg-Matrix-animation-output-transform"><float_array id="its_a_start_test_QuickRigCharacter_LeftUpLeg-Matrix-animation-output-transform-array" count="480">

-0.995666 -0.072441 -0.058321 0.028568 0.071329 -0.997233 0.020935 0.110666 -0.059676 0.016684 0.998078 7.813318 0.000000 0.000000 0.000000 1.000000
-0.998469 -0.022672 -0.050460 0.028562 0.021017 -0.999231 0.033092 0.110664 -0.051171 0.031981 0.998178 7.813317 0.000000 0.000000 0.000000 1.000000
-0.998338 0.044619 -0.036464 0.028567 -0.045270 -0.998826 0.017240 0.110665 -0.035652 0.018862 0.999186 7.813316 0.000000 0.000000 0.000000 1.000000
-0.995273 0.087286 -0.042577 0.028570 -0.088107 -0.995952 0.017793 0.110665 -0.040852 0.021460 0.998935 7.813317 0.000000 0.000000 0.000000 1.000000
-0.992214 0.117185 -0.042183 0.028562 -0.117979 -0.992873 0.016846 0.110665 -0.039908 0.021692 0.998968 7.813318 0.000000 0.000000 0.000000 1.000000
-0.979526 0.199741 -0.025161 0.028564 -0.200071 -0.979716 0.011341 0.110666 -0.022386 0.016143 0.999619 7.813319 0.000000 0.000000 0.000000 1.000000
-0.972268 0.232416 0.026019 0.028563 -0.232616 -0.972556 -0.004917 0.110665 0.024162 -0.010833 0.999649 7.813318 0.000000 0.000000 0.000000 1.000000
-0.955955 0.281344 0.083640 0.028566 -0.284393 -0.958332 -0.026853 0.110665 0.072599 -0.049457 0.996134 7.813315 0.000000 0.000000 0.000000 1.000000
-0.955840 0.259015 0.138859 0.028568 -0.268248 -0.961935 -0.052186 0.110666 0.120057 -0.087130 0.988936 7.813313 0.000000 0.000000 0.000000 1.000000
-0.962422 0.201663 0.181869 0.028570 -0.219908 -0.971699 -0.086261 0.110666 0.159327 -0.123014 0.979532 7.813317 0.000000 0.000000 0.000000 1.000000
-0.975057 0.090706 0.202573 0.028568 -0.113549 -0.988061 -0.104127 0.110665 0.190710 -0.124532 0.973715 7.813315 0.000000 0.000000 0.000000 1.000000
-0.980376 -0.065663 0.185879 0.028569 0.046546 -0.993339 -0.105406 0.110665 0.191562 -0.094686 0.976903 7.813316 0.000000 0.000000 0.000000 1.000000
-0.969744 -0.195986 0.145553 0.028566 0.181205 -0.977409 -0.108799 0.110665 0.163588 -0.079132 0.983350 7.813317 0.000000 0.000000 0.000000 1.000000
-0.952891 -0.284525 0.105093 0.028565 0.274410 -0.956300 -0.100938 0.110666 0.129220 -0.067344 0.989327 7.813319 0.000000 0.000000 0.000000 1.000000
-0.941209 -0.330813 0.068477 0.028566 0.323903 -0.941277 -0.095307 0.110664 0.095985 -0.067524 0.993090 7.813316 0.000000 0.000000 0.000000 1.000000
-0.926749 -0.372900 0.045634 0.028566 0.367802 -0.925340 -0.092015 0.110665 0.076539 -0.068491 0.994711 7.813320 0.000000 0.000000 0.000000 1.000000
-0.926697 -0.374866 0.026598 0.028565 0.372111 -0.925183 -0.074631 0.110665 0.052585 -0.059263 0.996856 7.813316 0.000000 0.000000 0.000000 1.000000
-0.929123 -0.369133 0.021717 0.028564 0.368007 -0.928824 -0.043087 0.110665 0.036076 -0.032041 0.998835 7.813317 0.000000 0.000000 0.000000 1.000000
-0.940802 -0.336230 0.042903 0.028564 0.334730 -0.941525 -0.038547 0.110666 0.053355 -0.021904 0.998335 7.813315 0.000000 0.000000 0.000000 1.000000
-0.930546 -0.362390 0.052508 0.028563 0.358117 -0.930580 -0.075978 0.110664 0.076396 -0.051897 0.995726 7.813318 0.000000 0.000000 0.000000 1.000000
-0.929705 -0.363588 0.058751 0.028564 0.357757 -0.929418 -0.090507 0.110665 0.087512 -0.063127 0.994161 7.813317 0.000000 0.000000 0.000000 1.000000
-0.925671 -0.376923 0.032595 0.028567 0.375417 -0.925799 -0.044264 0.110666 0.046861 -0.028737 0.998488 7.813318 0.000000 0.000000 0.000000 1.000000
-0.898047 -0.439721 -0.012502 0.028565 0.439899 -0.897705 -0.024792 0.110666 -0.000322 -0.027764 0.999614 7.813315 0.000000 0.000000 0.000000 1.000000
-0.893952 -0.445525 -0.048553 0.028563 0.446623 -0.894610 -0.014177 0.110665 -0.037120 -0.034359 0.998720 7.813316 0.000000 0.000000 0.000000 1.000000
-0.918247 -0.390938 -0.063171 0.028568 0.392682 -0.919507 -0.017554 0.110665 -0.051224 -0.040925 0.997848 7.813316 0.000000 0.000000 0.000000 1.000000
-0.932799 -0.353198 -0.071666 0.028566 0.355584 -0.934352 -0.023396 0.110665 -0.058698 -0.047307 0.997154 7.813317 0.000000 0.000000 0.000000 1.000000
-0.951430 -0.299089 -0.072981 0.028563 0.301576 -0.953099 -0.025593 0.110664 -0.061904 -0.046359 0.997005 7.813315 0.000000 0.000000 0.000000 1.000000
-0.968107 -0.240115 -0.071517 0.028563 0.241488 -0.970340 -0.011092 0.110665 -0.066732 -0.028009 0.997378 7.813316 0.000000 0.000000 0.000000 1.000000
-0.987262 -0.145250 -0.064931 0.028562 0.145016 -0.989394 0.008328 0.110666 -0.065452 -0.001194 0.997855 7.813316 0.000000 0.000000 0.000000 1.000000
-0.995666 -0.072441 -0.058321 0.028568 0.071329 -0.997233 0.020935 0.110666 -0.059676 0.016684 0.998078 7.813318 0.000000 0.000000 0.000000 1.000000</float_array><technique_common><accessor source="#its_a_start_test_QuickRigCharacter_LeftUpLeg-Matrix-animation-output-transform-array" count="30" stride="16"><param type="float4x4"/></accessor></technique_common></source><source id="its_a_start_test_QuickRigCharacter_LeftUpLeg-Interpolations"><Name_array id="its_a_start_test_QuickRigCharacter_LeftUpLeg-Interpolations-array" count="30">
 LINEAR LINEAR LINEAR LINEAR LINEAR LINEAR LINEAR LINEAR LINEAR LINEAR LINEAR
LINEAR LINEAR LINEAR LINEAR LINEAR LINEAR LINEAR LINEAR LINEAR LINEAR LINEAR LINEAR
LINEAR LINEAR LINEAR LINEAR LINEAR LINEAR LINEAR</Name_array><technique_common><accessor source="#its_a_start_test_QuickRigCharacter_LeftUpLeg-Interpolations-array" count="30"><param type="name"/></accessor></technique_common></source><sampler id="its_a_start_test_QuickRigCharacter_LeftUpLeg-Matrix-animation-transform"><input semantic="INPUT" source="#its_a_start_test_QuickRigCharacter_LeftUpLeg-Matrix-animation-input"/><input semantic="OUTPUT" source="#its_a_start_test_QuickRigCharacter_LeftUpLeg-Matrix-animation-output-transform"/><input semantic="INTERPOLATION" source="#its_a_start_test_QuickRigCharacter_LeftUpLeg-Interpolations"/></sampler><channel source="#its_a_start_test_QuickRigCharacter_LeftUpLeg-Matrix-animation-transform" target="its_a_start_test_QuickRigCharacter_LeftUpLeg/matrix"/></animation></animation>
    <animation id="its_a_start_test_QuickRigCharacter_LeftLeg-anim" name="its_a_start_test_QuickRigCharacter_LeftLeg"><animation><source id="its_a_start_test_QuickRigCharacter_LeftLeg-Matrix-animation-input"><float_array id="its_a_start_test_QuickRigCharacter_LeftLeg-Matrix-animation-input-array" count="30">

0.000000 0.033333 0.066667 0.100000 0.133333 0.166667 0.200000 0.233333 0.266667 0.300000 0.333333 0.366667 0.400000 0.433333 0.466667 0.500000
0.533333 0.566667 0.600000 0.633333 0.666667 0.700000 0.733333 0.766667 0.800000 0.833333 0.866667 0.900000 0.933333 0.966667</float_array><technique_common><accessor source="#its_a_start_test_QuickRigCharacter_LeftLeg-Matrix-animation-input-array" count="30"><param name="TIME" type="float"/></accessor></technique_common></source><source id="its_a_start_test_QuickRigCharacter_LeftLeg-Matrix-animation-output-transform"><float_array id="its_a_start_test_QuickRigCharacter_LeftLeg-Matrix-animation-output-transform-array" count="480">

0.842059 -0.539385 0.000141 38.356071 0.539202 0.841780 0.025826 -0.001166 -0.014048 -0.021671 0.999666 0.000079 0.000000 0.000000 0.000000 1.000000
0.851079 -0.525037 0.000507 38.356060 0.525037 0.851079 -0.000348 0.001018 -0.000249 0.000562 1.000000 -0.000053 0.000000 0.000000 0.000000 1.000000
0.854677 -0.519161 0.000325 38.356022 0.519146 0.854656 0.007087 -0.001294 -0.003957 -0.005889 0.999975 0.000054 0.000000 0.000000 0.000000 1.000000
0.841006 -0.541026 0.000264 38.355991 0.541002 0.840973 0.009043 -0.001131 -0.005115 -0.007462 0.999959 0.000045 0.000000 0.000000 0.000000 1.000000
0.806391 -0.591382 0.000622 38.356018 0.591359 0.806369 0.007987 0.001621 -0.005225 -0.006073 0.999968 -0.000058 0.000000 0.000000 0.000000 1.000000
0.799156 -0.601122 0.001334 38.356018 0.601123 0.799156 -0.000362 -0.003110 -0.000848 0.001091 0.999999 0.000071 0.000000 0.000000 0.000000 1.000000
0.768399 -0.639965 0.002738 38.356030 0.639943 0.768318 -0.012689 0.004243 0.006017 0.011503 0.999916 0.000078 0.000000 0.000000 0.000000 1.000000
0.746542 -0.665329 0.003543 38.356014 0.665301 0.746432 -0.014621 -0.000358 0.007084 0.013272 0.999887 -0.000020 0.000000 0.000000 0.000000 1.000000
0.677778 -0.735256 0.003891 38.356030 0.735242 0.677703 -0.011756 -0.000156 0.006007 0.010829 0.999923 -0.000026 0.000000 0.000000 0.000000 1.000000
0.562360 -0.826885 0.003489 38.356022 0.826858 0.562370 0.006726 0.000087 -0.007523 -0.000897 0.999971 0.000009 0.000000 0.000000 0.000000 1.000000
0.384035 -0.923312 0.003373 38.356014 0.923319 0.384033 -0.001205 -0.000003 -0.000183 0.003577 0.999994 0.000001 0.000000 0.000000 0.000000 1.000000
0.252535 -0.967580 0.003911 38.356037 0.967499 0.252455 -0.014579 0.000098 0.013120 0.007465 0.999886 0.000017 0.000000 0.000000 0.000000 1.000000
0.214435 -0.976735 0.002418 38.356033 0.976719 0.214446 0.005690 0.000093 -0.006076 0.001141 0.999981 0.000026 0.000000 0.000000 0.000000 1.000000
0.242771 -0.970081 0.002111 38.356014 0.969811 0.242754 0.023192 -0.000138 -0.023011 -0.003583 0.999729 -0.000029 0.000000 0.000000 0.000000 1.000000
0.350039 -0.936734 0.001526 38.355999 0.935636 0.349706 0.047865 -0.000209 -0.045371 -0.015327 0.998853 -0.000032 0.000000 0.000000 0.000000 1.000000
0.503585 -0.863946 0.000768 38.355999 0.862213 0.502631 0.062862 -0.000201 -0.054696 -0.030995 0.998022 -0.000034 0.000000 0.000000 0.000000 1.000000
0.696372 -0.717681 0.000865 38.356003 0.716306 0.695112 0.061025 0.000899 -0.044398 -0.041877 0.998136 0.000119 0.000000 0.000000 0.000000 1.000000
0.884789 -0.465992 0.000539 38.355984 0.465792 0.884443 0.028244 -0.000261 -0.013639 -0.024739 0.999601 -0.000018 0.000000 0.000000 0.000000 1.000000
0.992560 -0.121757 0.000190 38.356049 0.121757 0.992559 0.001465 -0.000289 -0.000367 -0.001430 0.999999 -0.000017 0.000000 0.000000 0.000000 1.000000
0.999995 -0.003186 -0.000323 38.356003 0.003195 0.999443 0.033222 -0.000222 0.000216 -0.033223 0.999448 -0.000031 0.000000 0.000000 0.000000 1.000000
0.998699 -0.050990 -0.000013 38.356018 0.050944 0.997788 0.042697 -0.000040 -0.002164 -0.042642 0.999088 -0.000011 0.000000 0.000000 0.000000 1.000000
0.975444 -0.220248 -0.000047 38.356018 0.220215 0.975295 0.017466 -0.003250 -0.003801 -0.017047 0.999847 -0.000296 0.000000 0.000000 0.000000 1.000000
0.911148 -0.412077 -0.001341 38.356041 0.411756 0.910299 0.042583 0.000018 -0.016327 -0.039352 0.999092 0.000003 0.000000 0.000000 0.000000 1.000000
0.871569 -0.490269 -0.001791 38.355995 0.489160 0.869339 0.070514 -0.003944 -0.033013 -0.062334 0.997509 0.000096 0.000000 0.000000 0.000000 1.000000
0.814471 -0.580199 -0.002533 38.355984 0.578038 0.811045 0.089880 0.000185 -0.050094 -0.074669 0.995949 -0.000001 0.000000 0.000000 0.000000 1.000000
0.785474 -0.618889 -0.002785 38.356003 0.615722 0.780982 0.104658 0.001268 -0.062596 -0.083921 0.994504 -0.000031 0.000000 0.000000 0.000000 1.000000
0.777136 -0.629327 -0.002856 38.356003 0.625918 0.772438 0.107548 0.000664 -0.065477 -0.085366 0.994196 -0.000005 0.000000 0.000000 0.000000 1.000000
0.801529 -0.597953 -0.001882 38.355988 0.595842 0.798427 0.086524 0.001145 -0.050235 -0.070473 0.996248 -0.000046 0.000000 0.000000 0.000000 1.000000
0.815726 -0.578439 -0.000630 38.356033 0.577683 0.814604 0.051980 0.000218 -0.029554 -0.042766 0.998648 -0.000003 0.000000 0.000000 0.000000 1.000000
0.842059 -0.539385 0.000141 38.356071 0.539202 0.841780 0.025826 -0.001166 -0.014048 -0.021671 0.999666 0.000079 0.000000 0.000000 0.000000 1.000000</float_array><technique_common><accessor source="#its_a_start_test_QuickRigCharacter_LeftLeg-Matrix-animation-output-transform-array" count="30" stride="16"><param type="float4x4"/></accessor></technique_common></source><source id="its_a_start_test_QuickRigCharacter_LeftLeg-Interpolations"><Name_array id="its_a_start_test_QuickRigCharacter_LeftLeg-Interpolations-array" count="30">
 LINEAR LINEAR LINEAR LINEAR LINEAR LINEAR LINEAR LINEAR LINEAR LINEAR LINEAR
LINEAR LINEAR LINEAR LINEAR LINEAR LINEAR LINEAR LINEAR LINEAR LINEAR LINEAR LINEAR
LINEAR LINEAR LINEAR LINEAR LINEAR LINEAR LINEAR</Name_array><technique_common><accessor source="#its_a_start_test_QuickRigCharacter_LeftLeg-Interpolations-array" count="30"><param type="name"/></accessor></technique_common></source><sampler id="its_a_start_test_QuickRigCharacter_LeftLeg-Matrix-animation-transform"><input semantic="INPUT" source="#its_a_start_test_QuickRigCharacter_LeftLeg-Matrix-animation-input"/><input semantic="OUTPUT" source="#its_a_start_test_QuickRigCharacter_LeftLeg-Matrix-animation-output-transform"/><input semantic="INTERPOLATION" source="#its_a_start_test_QuickRigCharacter_LeftLeg-Interpolations"/></sampler><channel source="#its_a_start_test_QuickRigCharacter_LeftLeg-Matrix-animation-transform" target="its_a_start_test_QuickRigCharacter_LeftLeg/matrix"/></animation></animation>
    <animation id="its_a_start_test_QuickRigCharacter_LeftFoot-anim" name="its_a_start_test_QuickRigCharacter_LeftFoot"><animation><source id="its_a_start_test_QuickRigCharacter_LeftFoot-Matrix-animation-input"><float_array id="its_a_start_test_QuickRigCharacter_LeftFoot-Matrix-animation-input-array" count="30">

0.000000 0.033333 0.066667 0.100000 0.133333 0.166667 0.200000 0.233333 0.266667 0.300000 0.333333 0.366667 0.400000 0.433333 0.466667 0.500000
0.533333 0.566667 0.600000 0.633333 0.666667 0.700000 0.733333 0.766667 0.800000 0.833333 0.866667 0.900000 0.933333 0.966667</float_array><technique_common><accessor source="#its_a_start_test_QuickRigCharacter_LeftFoot-Matrix-animation-input-array" count="30"><param name="TIME" type="float"/></accessor></technique_common></source><source id="its_a_start_test_QuickRigCharacter_LeftFoot-Matrix-animation-output-transform"><float_array id="its_a_start_test_QuickRigCharacter_LeftFoot-Matrix-animation-output-transform-array" count="480">

0.443170 0.889327 0.112687 36.547237 -0.890682 0.422610 0.167591 0.000003 0.101421 -0.174639 0.979395 -0.000000 0.000000 0.000000 0.000000 1.000000
0.415723 0.900716 0.126038 36.547226 -0.904118 0.394237 0.164765 0.000012 0.098718 -0.182450 0.978247 0.000002 0.000000 0.000000 0.000000 1.000000
0.382173 0.917231 0.112388 36.547237 -0.921009 0.368147 0.127324 0.000007 0.075410 -0.152170 0.985473 0.000003 0.000000 0.000000 0.000000 1.000000
0.344257 0.932199 0.111767 36.547215 -0.936013 0.331479 0.118323 0.000005 0.073252 -0.145349 0.986665 0.000004 0.000000 0.000000 0.000000 1.000000
0.295800 0.946079 0.132050 36.547268 -0.953752 0.284761 0.096276 -0.000022 0.053482 -0.154421 0.986557 0.000005 0.000000 0.000000 0.000000 1.000000
0.298826 0.941643 0.154956 36.547264 -0.954166 0.292022 0.065495 -0.000020 0.016422 -0.167426 0.985748 0.000001 0.000000 0.000000 0.000000 1.000000
0.340071 0.919107 0.198983 36.547245 -0.939434 0.341615 0.027607 -0.000005 -0.042602 -0.196320 0.979614 -0.000010 0.000000 0.000000 0.000000 1.000000
0.449310 0.864956 0.223544 36.547260 -0.888869 0.457925 0.014730 -0.000022 -0.089626 -0.205319 0.974583 0.000001 0.000000 0.000000 0.000000 1.000000
0.606378 0.763144 0.223419 36.547260 -0.790277 0.609507 0.062955 -0.000002 -0.088132 -0.214738 0.972687 0.000001 0.000000 0.000000 0.000000 1.000000
0.784190 0.595661 0.173879 36.547249 -0.620497 0.750303 0.228100 0.000003 0.005408 -0.286765 0.957986 -0.000006 0.000000 0.000000 0.000000 1.000000
0.751274 0.643983 0.144476 36.547241 -0.654900 0.700260 0.284151 -0.000005 0.081818 -0.308092 0.947832 0.000009 0.000000 0.000000 0.000000 1.000000
0.739114 0.659421 0.137385 36.547241 -0.669556 0.696994 0.256698 0.000009 0.073516 -0.281716 0.956677 0.000010 0.000000 0.000000 0.000000 1.000000
0.720387 0.686240 0.100581 36.547253 -0.690431 0.695759 0.198050 0.000002 0.065929 -0.212117 0.975018 -0.000005 0.000000 0.000000 0.000000 1.000000
0.673713 0.731680 0.103704 36.547237 -0.737451 0.656594 0.158272 0.000002 0.047713 -0.183107 0.981934 -0.000002 0.000000 0.000000 0.000000 1.000000
0.647211 0.755131 0.104379 36.547230 -0.760829 0.631337 0.150174 0.000013 0.047503 -0.176609 0.983134 0.000003 0.000000 0.000000 0.000000 1.000000
0.622118 0.776496 0.100114 36.547256 -0.779406 0.602132 0.173097 -0.000003 0.074128 -0.185716 0.979803 -0.000003 0.000000 0.000000 0.000000 1.000000
0.617754 0.776620 0.123455 36.547268 -0.780057 0.585340 0.221108 -0.000006 0.099454 -0.232892 0.967404 0.000001 0.000000 0.000000 0.000000 1.000000
0.626647 0.768821 0.127389 36.547256 -0.765524 0.576683 0.285323 -0.000002 0.145900 -0.276316 0.949928 0.000000 0.000000 0.000000 0.000000 1.000000
0.643738 0.754474 0.127949 36.547211 -0.741441 0.573553 0.348285 0.000000 0.189387 -0.319071 0.928615 0.000001 0.000000 0.000000 0.000000 1.000000
0.580577 0.803070 0.134197 36.547279 -0.806189 0.543927 0.232815 0.000008 0.113974 -0.243355 0.963218 -0.000001 0.000000 0.000000 0.000000 1.000000
0.516007 0.842922 0.152377 36.547226 -0.854578 0.494420 0.158890 -0.000001 0.058594 -0.212206 0.975467 0.000004 0.000000 0.000000 0.000000 1.000000
0.590855 0.806148 0.031868 36.547272 -0.795844 0.575911 0.186972 -0.000001 0.132374 -0.135835 0.981848 0.000005 0.000000 0.000000 0.000000 1.000000
0.695547 0.717652 -0.034492 36.547234 -0.694781 0.684057 0.222137 0.000009 0.183012 -0.130543 0.974405 0.000005 0.000000 0.000000 0.000000 1.000000
0.749851 0.657041 -0.077589 36.547276 -0.627435 0.743417 0.231639 -0.000009 0.209877 -0.125013 0.969703 -0.000001 0.000000 0.000000 0.000000 1.000000
0.716087 0.693032 -0.083225 36.547245 -0.668948 0.715423 0.201689 0.000004 0.199319 -0.088754 0.975907 0.000005 0.000000 0.000000 0.000000 1.000000
0.660318 0.748780 -0.057524 36.547241 -0.729035 0.657518 0.190207 0.000006 0.180247 -0.083660 0.980057 0.000006 0.000000 0.000000 0.000000 1.000000
0.593308 0.803926 -0.041093 36.547279 -0.787931 0.590437 0.174781 -0.000004 0.164774 -0.071320 0.983749 -0.000000 0.000000 0.000000 0.000000 1.000000
0.549063 0.835777 0.002627 36.547295 -0.822278 0.539626 0.180727 -0.000014 0.149630 -0.101391 0.983530 0.000009 0.000000 0.000000 0.000000 1.000000
0.491970 0.867907 0.068585 36.547226 -0.861690 0.474165 0.180717 0.000005 0.124325 -0.148006 0.981141 0.000002 0.000000 0.000000 0.000000 1.000000
0.443170 0.889327 0.112687 36.547237 -0.890682 0.422610 0.167591 0.000003 0.101421 -0.174639 0.979395 -0.000000 0.000000 0.000000 0.000000 1.000000</float_array><technique_common><accessor source="#its_a_start_test_QuickRigCharacter_LeftFoot-Matrix-animation-output-transform-array" count="30" stride="16"><param type="float4x4"/></accessor></technique_common></source><source id="its_a_start_test_QuickRigCharacter_LeftFoot-Interpolations"><Name_array id="its_a_start_test_QuickRigCharacter_LeftFoot-Interpolations-array" count="30">
 LINEAR LINEAR LINEAR LINEAR LINEAR LINEAR LINEAR LINEAR LINEAR LINEAR LINEAR
LINEAR LINEAR LINEAR LINEAR LINEAR LINEAR LINEAR LINEAR LINEAR LINEAR LINEAR LINEAR
LINEAR LINEAR LINEAR LINEAR LINEAR LINEAR LINEAR</Name_array><technique_common><accessor source="#its_a_start_test_QuickRigCharacter_LeftFoot-Interpolations-array" count="30"><param type="name"/></accessor></technique_common></source><sampler id="its_a_start_test_QuickRigCharacter_LeftFoot-Matrix-animation-transform"><input semantic="INPUT" source="#its_a_start_test_QuickRigCharacter_LeftFoot-Matrix-animation-input"/><input semantic="OUTPUT" source="#its_a_start_test_QuickRigCharacter_LeftFoot-Matrix-animation-output-transform"/><input semantic="INTERPOLATION" source="#its_a_start_test_QuickRigCharacter_LeftFoot-Interpolations"/></sampler><channel source="#its_a_start_test_QuickRigCharacter_LeftFoot-Matrix-animation-transform" target="its_a_start_test_QuickRigCharacter_LeftFoot/matrix"/></animation></animation>
    <animation id="its_a_start_test_QuickRigCharacter_LeftToeBase-anim" name="its_a_start_test_QuickRigCharacter_LeftToeBase"><animation><source id="its_a_start_test_QuickRigCharacter_LeftToeBase-Matrix-animation-input"><float_array id="its_a_start_test_QuickRigCharacter_LeftToeBase-Matrix-animation-input-array" count="30">

0.000000 0.033333 0.066667 0.100000 0.133333 0.166667 0.200000 0.233333 0.266667 0.300000 0.333333 0.366667 0.400000 0.433333 0.466667 0.500000
0.533333 0.566667 0.600000 0.633333 0.666667 0.700000 0.733333 0.766667 0.800000 0.833333 0.866667 0.900000 0.933333 0.966667</float_array><technique_common><accessor source="#its_a_start_test_QuickRigCharacter_LeftToeBase-Matrix-animation-input-array" count="30"><param name="TIME" type="float"/></accessor></technique_common></source><source id="its_a_start_test_QuickRigCharacter_LeftToeBase-Matrix-animation-output-transform"><float_array id="its_a_start_test_QuickRigCharacter_LeftToeBase-Matrix-animation-output-transform-array" count="480">

1.000000 0.000000 -0.000000 12.118384 -0.000000 1.000000 0.000000 0.000007 0.000000 0.000000 1.000000 0.000007 0.000000 0.000000 0.000000 1.000000
1.000000 -0.000706 0.000143 12.118388 0.000706 1.000000 0.000168 0.000006 -0.000143 -0.000168 1.000000 0.000007 0.000000 0.000000 0.000000 1.000000
0.999999 -0.001412 0.000286 12.118377 0.001412 0.999999 0.000336 -0.000002 -0.000286 -0.000336 1.000000 0.000006 0.000000 0.000000 0.000000 1.000000
0.999980 0.003567 -0.005162 12.118382 -0.003594 0.999980 -0.005200 0.000002 0.005144 0.005219 0.999973 0.000009 0.000000 0.000000 0.000000 1.000000
0.999531 0.020350 -0.022902 12.118388 -0.020861 0.999534 -0.022303 0.000006 0.022438 0.022770 0.999489 0.000009 0.000000 0.000000 0.000000 1.000000
0.998588 0.038204 -0.036916 12.118391 -0.039499 0.998606 -0.035004 0.000006 0.035528 0.036412 0.998705 0.000006 0.000000 0.000000 0.000000 1.000000
0.993889 0.102340 -0.041369 12.118385 -0.103997 0.993768 -0.040127 0.000004 0.037004 0.044184 0.998338 0.000005 0.000000 0.000000 0.000000 1.000000
0.991517 0.127873 -0.023308 12.118388 -0.128421 0.991436 -0.023732 0.000006 0.020074 0.026524 0.999447 0.000009 0.000000 0.000000 0.000000 1.000000
0.992131 0.108201 0.063002 12.118381 -0.111944 0.991946 0.059258 0.000000 -0.056083 -0.065845 0.996253 0.000003 0.000000 0.000000 0.000000 1.000000
0.999963 -0.001353 0.008469 12.118387 0.001268 0.999949 0.009971 0.000003 -0.008482 -0.009960 0.999914 0.000008 0.000000 0.000000 0.000000 1.000000
0.999974 -0.007061 0.001424 12.118397 0.007059 0.999974 0.001686 0.000006 -0.001436 -0.001676 0.999998 0.000005 0.000000 0.000000 0.000000 1.000000
0.999969 -0.007767 0.001566 12.118391 0.007764 0.999968 0.001855 0.000006 -0.001581 -0.001843 0.999997 0.000004 0.000000 0.000000 0.000000 1.000000
0.999963 -0.008473 0.001708 12.118389 0.008469 0.999962 0.002024 0.000003 -0.001725 -0.002009 0.999996 0.000005 0.000000 0.000000 0.000000 1.000000
0.999956 -0.009179 0.001850 12.118392 0.009175 0.999956 0.002193 0.000007 -0.001870 -0.002176 0.999996 0.000005 0.000000 0.000000 0.000000 1.000000
0.999949 -0.009886 0.001991 12.118394 0.009881 0.999948 0.002363 0.000007 -0.002014 -0.002343 0.999995 0.000007 0.000000 0.000000 0.000000 1.000000
0.999942 -0.010591 0.002132 12.118390 0.010586 0.999941 0.002532 0.000005 -0.002159 -0.002509 0.999995 0.000009 0.000000 0.000000 0.000000 1.000000
0.999934 -0.011297 0.002273 12.118392 0.011291 0.999933 0.002702 0.000007 -0.002304 -0.002676 0.999994 0.000011 0.000000 0.000000 0.000000 1.000000
0.999925 -0.012004 0.002414 12.118385 0.011997 0.999924 0.002872 0.000005 -0.002449 -0.002842 0.999993 0.000009 0.000000 0.000000 0.000000 1.000000
0.999916 -0.012710 0.002556 12.118383 0.012702 0.999915 0.003041 0.000002 -0.002594 -0.003008 0.999992 0.000005 0.000000 0.000000 0.000000 1.000000
0.999906 -0.013416 0.002697 12.118384 0.013407 0.999905 0.003211 0.000004 -0.002739 -0.003175 0.999991 0.000004 0.000000 0.000000 0.000000 1.000000
0.999880 -0.015445 0.001367 12.118382 0.015442 0.999879 0.001607 0.000008 -0.001392 -0.001586 0.999998 0.000007 0.000000 0.000000 0.000000 1.000000
0.997736 0.032613 0.058824 12.118390 -0.036648 0.996951 0.068883 0.000002 -0.056398 -0.070883 0.995889 0.000005 0.000000 0.000000 0.000000 1.000000
0.983165 0.090906 0.158503 12.118382 -0.113116 0.984056 0.137251 0.000005 -0.143499 -0.152869 0.977772 0.000005 0.000000 0.000000 0.000000 1.000000
0.977232 0.100022 0.187119 12.118385 -0.127815 0.981451 0.142891 0.000003 -0.169356 -0.163554 0.971889 0.000006 0.000000 0.000000 0.000000 1.000000
0.979731 0.093125 0.177355 12.118383 -0.117428 0.984288 0.131861 -0.000001 -0.162289 -0.150015 0.975273 0.000007 0.000000 0.000000 0.000000 1.000000
0.986311 0.073775 0.147473 12.118390 -0.090571 0.989727 0.110625 0.000007 -0.137797 -0.122468 0.982860 0.000008 0.000000 0.000000 0.000000 1.000000
0.991363 0.049355 0.121508 12.118385 -0.061134 0.993578 0.095208 0.000006 -0.116029 -0.101814 0.988014 0.000008 0.000000 0.000000 0.000000 1.000000
0.995418 0.025563 0.092141 12.118382 -0.032396 0.996773 0.073445 0.000006 -0.089966 -0.076094 0.993034 0.000007 0.000000 0.000000 0.000000 1.000000
0.999062 0.016740 0.039930 12.118381 -0.017858 0.999454 0.027792 0.000003 -0.039443 -0.028479 0.998816 0.000007 0.000000 0.000000 0.000000 1.000000
1.000000 0.000000 -0.000000 12.118384 -0.000000 1.000000 0.000000 0.000007 0.000000 0.000000 1.000000 0.000007 0.000000 0.000000 0.000000 1.000000</float_array><technique_common><accessor source="#its_a_start_test_QuickRigCharacter_LeftToeBase-Matrix-animation-output-transform-array" count="30" stride="16"><param type="float4x4"/></accessor></technique_common></source><source id="its_a_start_test_QuickRigCharacter_LeftToeBase-Interpolations"><Name_array id="its_a_start_test_QuickRigCharacter_LeftToeBase-Interpolations-array" count="30">
 LINEAR LINEAR LINEAR LINEAR LINEAR LINEAR LINEAR LINEAR LINEAR LINEAR LINEAR
LINEAR LINEAR LINEAR LINEAR LINEAR LINEAR LINEAR LINEAR LINEAR LINEAR LINEAR LINEAR
LINEAR LINEAR LINEAR LINEAR LINEAR LINEAR LINEAR</Name_array><technique_common><accessor source="#its_a_start_test_QuickRigCharacter_LeftToeBase-Interpolations-array" count="30"><param type="name"/></accessor></technique_common></source><sampler id="its_a_start_test_QuickRigCharacter_LeftToeBase-Matrix-animation-transform"><input semantic="INPUT" source="#its_a_start_test_QuickRigCharacter_LeftToeBase-Matrix-animation-input"/><input semantic="OUTPUT" source="#its_a_start_test_QuickRigCharacter_LeftToeBase-Matrix-animation-output-transform"/><input semantic="INTERPOLATION" source="#its_a_start_test_QuickRigCharacter_LeftToeBase-Interpolations"/></sampler><channel source="#its_a_start_test_QuickRigCharacter_LeftToeBase-Matrix-animation-transform" target="its_a_start_test_QuickRigCharacter_LeftToeBase/matrix"/></animation></animation>
    <animation id="its_a_start_test_QuickRigCharacter_RightUpLeg-anim" name="its_a_start_test_QuickRigCharacter_RightUpLeg"><animation><source id="its_a_start_test_QuickRigCharacter_RightUpLeg-Matrix-animation-input"><float_array id="its_a_start_test_QuickRigCharacter_RightUpLeg-Matrix-animation-input-array" count="30">

0.000000 0.033333 0.066667 0.100000 0.133333 0.166667 0.200000 0.233333 0.266667 0.300000 0.333333 0.366667 0.400000 0.433333 0.466667 0.500000
0.533333 0.566667 0.600000 0.633333 0.666667 0.700000 0.733333 0.766667 0.800000 0.833333 0.866667 0.900000 0.933333 0.966667</float_array><technique_common><accessor source="#its_a_start_test_QuickRigCharacter_RightUpLeg-Matrix-animation-input-array" count="30"><param name="TIME" type="float"/></accessor></technique_common></source><source id="its_a_start_test_QuickRigCharacter_RightUpLeg-Matrix-animation-output-transform"><float_array id="its_a_start_test_QuickRigCharacter_RightUpLeg-Matrix-animation-output-transform-array" count="480">

0.912765 0.406857 -0.036447 0.028568 -0.400277 0.908652 0.118867 0.110665 0.081480 -0.093909 0.992241 -7.813316 0.000000 0.000000 0.000000 1.000000
0.879352 0.475789 -0.019099 0.028565 -0.470219 0.873981 0.122682 0.110666 0.075063 -0.098900 0.992262 -7.813316 0.000000 0.000000 0.000000 1.000000
0.867225 0.497798 -0.010839 0.028564 -0.493863 0.862734 0.108578 0.110665 0.063401 -0.088808 0.994029 -7.813315 0.000000 0.000000 0.000000 1.000000
0.859342 0.510930 -0.021973 0.028563 -0.506815 0.856589 0.096921 0.110665 0.068341 -0.072152 0.995049 -7.813316 0.000000 0.000000 0.000000 1.000000
0.843945 0.534685 -0.043231 0.028569 -0.529037 0.842941 0.097829 0.110666 0.088749 -0.059692 0.994264 -7.813316 0.000000 0.000000 0.000000 1.000000
0.826651 0.558853 -0.065820 0.028568 -0.550787 0.827529 0.108760 0.110665 0.115248 -0.053654 0.991887 -7.813315 0.000000 0.000000 0.000000 1.000000
0.815583 0.574053 -0.072713 0.028568 -0.568154 0.818270 0.087381 0.110666 0.109660 -0.029954 0.993518 -7.813317 0.000000 0.000000 0.000000 1.000000
0.790276 0.610930 -0.047214 0.028564 -0.606608 0.790910 0.080552 0.110667 0.086554 -0.035018 0.995632 -7.813316 0.000000 0.000000 0.000000 1.000000
0.775058 0.631717 -0.014790 0.028563 -0.626930 0.771691 0.107013 0.110664 0.079015 -0.073670 0.994148 -7.813316 0.000000 0.000000 0.000000 1.000000
0.800247 0.599535 0.012745 0.028562 -0.598409 0.797005 0.081789 0.110664 0.038877 -0.073079 0.996568 -7.813316 0.000000 0.000000 0.000000 1.000000
0.846653 0.530003 0.047691 0.028563 -0.532040 0.844861 0.056067 0.110665 -0.010576 -0.072842 0.997287 -7.813316 0.000000 0.000000 0.000000 1.000000
0.882315 0.466256 0.064233 0.028564 -0.469079 0.882300 0.038877 0.110665 -0.038546 -0.064432 0.997177 -7.813316 0.000000 0.000000 0.000000 1.000000
0.922115 0.379426 0.075768 0.028562 -0.382014 0.923878 0.022674 0.110665 -0.061398 -0.049852 0.996868 -7.813316 0.000000 0.000000 0.000000 1.000000
0.962590 0.260110 0.075919 0.028566 -0.262404 0.964711 0.021825 0.110664 -0.067563 -0.040930 0.996875 -7.813316 0.000000 0.000000 0.000000 1.000000
0.988514 0.133339 0.071135 0.028563 -0.134806 0.990739 0.016222 0.110665 -0.068314 -0.025625 0.997335 -7.813316 0.000000 0.000000 0.000000 1.000000
0.996589 0.034198 0.075105 0.028566 -0.034751 0.999378 0.006063 0.110666 -0.074851 -0.008653 0.997157 -7.813316 0.000000 0.000000 0.000000 1.000000
0.995539 -0.064317 0.069030 0.028564 0.063616 0.997899 0.012306 0.110665 -0.069676 -0.007859 0.997539 -7.813317 0.000000 0.000000 0.000000 1.000000
0.989337 -0.119575 0.083156 0.028567 0.119640 0.992808 0.004220 0.110666 -0.083063 0.005774 0.996528 -7.813316 0.000000 0.000000 0.000000 1.000000
0.981046 -0.161860 0.106533 0.028565 0.162925 0.986638 -0.001314 0.110665 -0.104897 0.018646 0.994308 -7.813317 0.000000 0.000000 0.000000 1.000000
0.964038 -0.236513 0.121210 0.028565 0.238276 0.971198 -0.000047 0.110666 -0.117707 0.028927 0.992627 -7.813316 0.000000 0.000000 0.000000 1.000000
0.936646 -0.343206 0.070028 0.028567 0.342064 0.939257 0.028066 0.110667 -0.075407 -0.002334 0.997150 -7.813318 0.000000 0.000000 0.000000 1.000000
0.911606 -0.410995 0.007636 0.028564 0.410423 0.911061 0.038995 0.110665 -0.022984 -0.032414 0.999210 -7.813317 0.000000 0.000000 0.000000 1.000000
0.910443 -0.409918 -0.055329 0.028564 0.412409 0.909880 0.045146 0.110665 0.031836 -0.063921 0.997447 -7.813317 0.000000 0.000000 0.000000 1.000000
0.943485 -0.316516 -0.098249 0.028567 0.323295 0.944216 0.062745 0.110665 0.072909 -0.090962 0.993182 -7.813315 0.000000 0.000000 0.000000 1.000000
0.965316 -0.239458 -0.104048 0.028569 0.247064 0.966645 0.067508 0.110665 0.084412 -0.090873 0.992279 -7.813315 0.000000 0.000000 0.000000 1.000000
0.989747 -0.075181 -0.121443 0.028565 0.085657 0.992822 0.083473 0.110664 0.114296 -0.093019 0.989082 -7.813316 0.000000 0.000000 0.000000 1.000000
0.990282 0.087975 -0.107708 0.028567 -0.078384 0.992829 0.090263 0.110665 0.114876 -0.080943 0.990077 -7.813316 0.000000 0.000000 0.000000 1.000000
0.966994 0.240845 -0.083162 0.028565 -0.232294 0.967422 0.100665 0.110666 0.104697 -0.078024 0.991439 -7.813315 0.000000 0.000000 0.000000 1.000000
